-8.908131130131565101e+00
4.755808303338788789e+00
-2.908069986349870906e+00
-9.306620191133138320e+00
1.028773282654355858e+00
-7.711760509663768026e+00
-5.938627170599749761e+00
-1.662869169090734900e+01
-5.840703193748423283e-01
-1.438647402865558789e+01
-8.264677895078555991e+00
3.279083121229486864e+00
4.006942216499273179e+00
-1.039006002595820632e+01
5.013409078478704650e+00
-5.213222246847800001e+00
-1.061489737788251508e+00
-9.784262636719718298e-01
1.177259247493400451e+01
1.497236817349849591e-01
-6.632126669301333877e+00
-5.621224389772459418e+00
-1.556856710252789266e+00
-4.861026523382546927e+00
-4.585612286141987681e+00
9.125949506235443209e+00
4.098086007066638281e+00
3.986504863410783361e+00
6.502078539027435156e+00
4.404938874263601534e+00
-5.886701186794583762e+00
-7.077326815700392793e+00
-9.592973754635920614e+00
-1.372845634660168024e+01
6.035979731859298703e+00
1.808341485576781427e+00
-1.339946100617414082e+01
-7.160450103721586856e+00
-1.734019230009119639e+01
-1.227417573403365481e+01
-7.132427242795899680e+00
1.773184461811659007e+00
-1.077752049505682486e+01
-1.030835326407979835e+01
2.578298774314771169e+00
1.107719598242194614e+01
-8.147314223215165185e+00
-3.821532902842651236e+00
-3.186397914287250721e+00
-5.920416842007183121e-03
-2.640835576113481853e+00
-1.586951945473600389e+01
-1.902743183515866798e+00
1.525593823760991175e+00
-1.053276517867556983e+01
-4.812462629812802817e+00
-3.905843196247516858e+00
-4.012681419250369252e+00
-3.098140832758619290e+00
9.808262102726289511e-01
-8.242255171989778972e+00
-9.229814210009411823e+00
7.480211694324737870e+00
-5.722763615559335548e+00
8.823511377778597620e+00
6.416052802697095991e+00
-1.322934059542978158e+00
-1.740709023355719154e+01
-1.200018727100387395e+01
-1.071744665017847709e+01
1.756096678460251859e+00
3.085399722249705157e+00
-7.400581245095660066e+00
-3.014601814536451929e+00
2.107223832366955207e+00
-6.325572017227039545e+00
-7.075162584951093514e+00
-4.304754103786020636e+00
4.540085357317275694e+00
-1.770434848833519315e+00
2.775542006268577833e+00
-1.431652136978216738e+01
-1.930414052459472174e+01
-6.189815313743032288e-01
-2.304351368736944905e-01
-5.338354042172510638e+00
-3.724802000297001925e+00
-8.135840055263045656e+00
-1.418213621471940744e+00
-1.709472949980939305e+01
-7.579481158499981497e+00
-4.981366554835331417e-01
-6.740349214106502451e+00
-3.745041422493892380e+00
6.216414948354593406e+00
-6.812808814875193519e+00
-6.112030825077766849e+00
-1.643132188640965197e+01
-1.406349397056947481e+01
-8.102709915040965383e-01
-6.023531859081618478e+00
-8.490378235341074387e+00
-1.280296466773701525e+01
-1.444317022224064218e-01
-1.090639644399680641e+01
1.079847051651861989e+01
8.278718061691265895e-01
8.029648822803407526e+00
9.294244542666422859e+00
-4.886112947452779132e+00
-5.002179068246809912e+00
-1.080589752869457065e+01
1.642327275981342538e+01
-1.218466239140650309e+01
-1.015713038838966931e+01
-1.258783983013382723e+01
-9.130506522961683302e+00
6.516747532240102281e+00
4.563352655703877048e+00
-1.395495810402431580e+01
-4.509253250391006773e+00
-1.358896729801208636e+01
5.896419897182565428e+00
5.956721555946071334e+00
-5.935973246664788761e+00
-5.217392619459549685e+00
-3.040109056493662809e-01
-3.125053451779462144e+00
-2.619482711150697973e+00
-1.349224031995219120e+00
-6.688938698527632454e+00
6.799736393944043611e-01
-1.585857857665534221e+00
3.184675535965651338e+00
6.067137660145385247e+00
-3.816906734264783552e+00
2.042921039689495899e+00
-5.231101881511583951e-01
-1.179092280617796362e+01
-5.791392810194182950e+00
3.150039722305322698e+00
1.245066647768377877e+01
5.098784899966794626e+00
1.744221558716904763e+00
8.082083854650832677e+00
1.098954987001108918e+01
4.830160877312039247e+00
-1.232978524712493584e-01
4.566047496549233031e+00
-5.028286471654121570e+00
8.941788206091306535e+00
-3.808906796754000901e+00
5.081850410664271678e+00
-2.172739070901641867e+01
-8.998393204398768219e+00
-5.186484756186615641e+00
-6.840775284178554294e+00
-7.995623189651830387e-01
8.587248910272961000e-01
-1.892518834798416094e+01
-8.063817282241174667e+00
8.686908917365446237e-02
-3.279852923900470341e+00
-1.222901655473095595e+01
7.889374164808115042e-01
-1.450355666437670443e+01
-6.555428748998458843e+00
-4.657096131514630422e+00
6.308840609789709286e-02
-1.298382745081672507e+00
-3.968752049830847284e+00
7.982485091666943866e+00
3.134434473138668853e+00
4.017313453476483609e+00
-9.516450356358845397e+00
2.773468207918476924e+00
-7.999797123387853759e+00
-5.094558215164288750e-01
-8.305928062123427935e+00
5.533401940075030723e+00
-1.814267479138664640e+01
-1.057805281299371281e+01
6.604226898105340915e+00
-4.182139555804273101e+00
4.663654415904054940e-01
-3.012338566918614902e+00
-5.330868180031402837e+00
-2.861835989480594034e+00
7.061379479005284843e+00
9.863187486006147475e-02
-1.275760641355108760e+01
5.908766207466487064e-01
4.156329047100205010e+00
1.781553536632985102e+00
-5.380789655157215634e+00
1.786054553992533656e+00
-1.427467654051333490e+01
-7.291236573399481280e+00
5.772110516009667514e+00
4.272240066605549558e+00
